bio12	bio14	bio2	bio15	bio13	bio1
SRR29127757	1248	57	13.4833335876465	29.1796722412109	154	19.0416660308838
SRR29127758	1322	57	13.8583326339722	30.1140747070312	167	19.1875
SRR29127762	1437	88	13.0749998092651	18.3868064880371	161	17.1041660308838
SRR29127755	1475	85	12.8583326339722	20.9124794006348	164	16.4541664123535
SRR29127796	1346	65	12.9499998092651	21.4699058532715	160	17.8833332061768
SRR29127756	1253	61	11.6833333969116	33.6420669555664	172	19.158332824707
SRR29127760	1643	87	12.0333337783813	33.0749740600586	225	19.7916660308838
SRR29127759	1335	57	12.4250001907349	47.5398330688477	204	21.3958339691162
SRR29127734	1180	63	13.8500003814697	23.1735858917236	134	17.9166660308838
SRR29127790	1311	59	12.8333330154419	22.7107543945312	150	18.375
SRR29127735	1316	70	11.9583330154419	29.04714012146	174	17.8791675567627
SRR29127792	1623	87	11.6999998092651	31.0601119995117	216	19.783332824707
SRR29127733	1515	80	12.7666664123535	24.6379127502441	188	18.8666667938232
SRR29127729	1324	63	11.7333335876465	36.0734672546387	180	19.9333343505859
SRR29127791	1330	59	13.1166667938232	43.9631538391113	200	20.5833339691162
SRR29127732	1283	43	9.90000057220459	52.447696685791	212	22.7666664123535
SRR29127727	1403	53	13.5	43.1751708984375	212	20.2583332061768
SRR29127728	1561	82	12.3583335876465	29.5252895355225	204	19.595832824707
SRR29127737	1175	66	13.3833332061768	19.9761390686035	130	18.1916656494141
SRR29127743	1358	54	13.6916666030884	43.9559097290039	210	20.3125
SRR29127797	1341	81	12.9583339691162	15.0473394393921	135	16.4291667938232
SRR29127748	1532	100	11.9333333969116	15.1335334777832	164	18.8583335876465
SRR29127761	1571	71	13.3583335876465	20.7285900115967	176	18.0458335876465
SRR29127736	1330	59	13.1166667938232	43.9631538391113	200	20.5833339691162
SRR29127795	1650	87	11.9916667938232	33.6742553710938	227	19.8125
SRR29127763	1445	82	12.7583332061768	16.7412662506104	150	16.9624996185303
SRR29127738	1166	50	13.3083333969116	23.2935924530029	124	18.4375
SRR29127741	1281	45	11.7666664123535	56.1648750305176	202	22.3833332061768
SRR29127744	1441	75	12.9416666030884	22.880500793457	172	17.5458335876465
SRR29127726	1433	74	12.591667175293	22.7743701934814	165	19.3291664123535
SRR29127739	1201	58	12.8583335876465	26.0050144195557	142	19.095832824707
SRR29127752	1285	85	12.2916669845581	17.4945316314697	144	19.1625003814697
SRR29127740	1639	87	12.2166662216187	24.3273372650146	195	18.9333324432373
SRR29127779	1311	75	13.1916666030884	16.2950057983398	141	17.8125
SRR29127745	1490	95	12.3416662216187	16.2016887664795	164	18.3374996185303
SRR29127730	1295	59	12.3583326339722	42.2512817382812	180	20.7291660308838
SRR29127794	1659	99	11.283332824707	21.8124294281006	196	19.4249992370605
SRR29127750	1374	87	12.1333332061768	17.0722713470459	147	19.2083339691162
SRR29127798	1344	81	12.8249998092651	14.6874542236328	135	16.6625003814697
SRR29127751	1601	98	11.966667175293	15.642240524292	163	18.625
SRR29127753	1253	73	12.7249994277954	18.2804126739502	141	16.6041660308838
SRR29127749	1475	90	11.5416669845581	14.126935005188	149	19.2625007629395
SRR29127746	1599	78	12.2916669845581	16.5713691711426	158	19.1958332061768
SRR29127731	1688	82	12.2333335876465	19.9593162536621	196	18.9750003814697
SRR29127754	1555	91	13.3000001907349	18.3803977966309	166	18.1833343505859
SRR29127742	1604	97	11.6500005722046	11.9708585739136	153	18.7416667938232
SRR29127747	1649	91	13.1999998092651	14.4899806976318	158	18.8583335876465
SRR29127799	1462	89	10.7750005722046	18.1305656433105	151	19.7958335876465
SRR29127768	1637	90	10.8500003814697	17.0958766937256	175	19.3999996185303
